59
137
172
180
188
193
195
216
217
261
262
263
264
265
266
267
268
269
270
271
272
273
274
275
276
315
316
322
361
408
409
417
418
419
420
438
442
452
459
466
467
468
469
470
471
498
530
531
533
534
537
545
563
573
574
575
576
577
578
579
580
581
582
583
584
585
586
587
588
606
607
608
609
610
611
612
613
614
615
616
617
618
619
620
621
622
623
624
625
626
627
628
629
630
631
632
633
634
635
636
637
638
639
640
641
642
643
644
645
646
647
648
649
650
651
652
653
671
672
673
674
675
676
677
678
679
680
681
682
683
684
694
695
696
697
698
699
700
701
702
703
704
705
706
707
708
709
710
711
712
713
714
715
826
848
860
861
862
863
864
865
866
867
868
869
870
871
872
873
874
875
876
877
878
879
880
881
882
883
884
885
886
887
888
889
890
891
892
893
894
895
